400.4, 0.02
401.2, 0.02
401.9, 0.02
402.7, 0.02
403.4, 0.02
404.1, 0.02
404.9, 0.02
405.6, 0.02
406.4, 0.02
407.1, 0.02
407.9, 0.01
408.6, 0.01
409.4, 0.01
410.1, 0.01
410.8, 0.01
411.6, 0.01
412.3, 0.01
413.1, 0.01
413.8, 0.01
414.6, 0.01
415.3, 0.01
416.1, 0.01
416.8, 0.01
417.5, 0.01
418.3, 0.01
419.0, 0.01
419.8, 0.01
420.5, 0.01
421.3, 0.01
422.0, 0.01
422.8, 0.01
423.5, 0.01
424.2, 0.01
425.0, 0.01
425.7, 0.01
426.5, 0.01
427.2, 0.00
428.0, 0.00
428.7, 0.00
429.5, 0.00
430.2, 0.00
430.9, 0.00
431.7, 0.00
432.4, 0.00
433.2, 0.00
433.9, 0.00
434.7, 0.00
435.4, 0.00
436.2, 0.00
436.9, 0.00
437.7, 0.00
438.4, 0.00
439.1, 0.00
439.9, 0.00
440.6, 0.00
441.4, 0.00
442.1, 0.00
442.9, 0.00
443.6, 0.00
444.4, 0.00
445.1, 0.00
445.8, 0.00
446.6, 0.00
447.3, 0.00
448.1, 0.00
448.8, 0.00
449.6, 0.00
450.3, 0.00
451.1, 0.00
451.8, 0.00
452.5, 0.00
453.3, 0.00
454.0, 0.00
454.8, 0.00
455.5, 0.00
456.3, 0.00
457.0, 0.00
457.8, 0.00
458.5, 0.00
459.2, 0.00
460.0, 0.00
460.7, 0.00
461.5, 0.00
462.2, 0.00
463.0, 0.00
463.7, 0.00
464.5, 0.00
465.2, 0.00
465.9, 0.00
466.7, 0.00
467.4, 0.00
468.2, 0.00
468.9, 0.00
469.7, 0.00
470.4, 0.00
471.2, 0.00
471.9, 0.00
472.6, 0.00
473.4, 0.00
474.1, 0.00
474.9, 0.00
475.6, 0.01
476.4, 0.01
477.1, 0.01
477.9, 0.01
478.6, 0.01
479.3, 0.01
480.1, 0.01
480.8, 0.01
481.6, 0.01
482.3, 0.01
483.1, 0.01
483.8, 0.01
484.6, 0.01
485.3, 0.01
486.0, 0.01
486.8, 0.01
487.5, 0.01
488.3, 0.01
489.0, 0.01
489.8, 0.01
490.5, 0.01
491.3, 0.01
492.0, 0.01
492.8, 0.01
493.5, 0.01
494.2, 0.01
495.0, 0.01
495.7, 0.01
496.5, 0.01
497.2, 0.01
498.0, 0.01
498.7, 0.01
499.5, 0.01
500.2, 0.01
500.9, 0.01
501.7, 0.01
502.4, 0.01
503.2, 0.01
503.9, 0.01
504.7, 0.01
505.4, 0.01
506.2, 0.01
506.9, 0.01
507.6, 0.01
508.4, 0.01
509.1, 0.01
509.9, 0.01
510.6, 0.01
511.4, 0.01
512.1, 0.01
512.8, 0.01
513.5, 0.01
514.3, 0.00
515.0, 0.00
515.7, 0.00
516.4, 0.00
517.1, 0.00
517.8, 0.00
518.6, 0.00
519.3, 0.00
520.0, 0.00
520.7, 0.00
521.4, 0.00
522.1, 0.00
522.9, 0.00
523.6, 0.00
524.3, 0.00
525.0, 0.00
525.7, 0.00
526.4, 0.00
527.2, 0.00
527.9, 0.00
528.6, 0.01
529.3, 0.01
530.0, 0.01
530.7, 0.01
531.5, 0.01
532.2, 0.00
532.9, 0.00
533.6, 0.00
534.3, 0.01
535.0, 0.01
535.8, 0.01
536.5, 0.00
537.2, 0.00
537.9, 0.00
538.6, 0.01
539.3, 0.01
540.1, 0.01
540.8, 0.01
541.5, 0.00
542.2, 0.00
542.9, 0.00
543.6, 0.00
544.4, 0.00
545.1, 0.00
545.8, 0.00
546.5, 0.00
547.2, 0.00
547.9, 0.00
548.7, 0.00
549.4, 0.00
550.1, 0.00
550.8, 0.00
551.5, 0.00
552.2, 0.00
553.0, 0.00
553.7, 0.00
554.4, 0.00
555.1, 0.00
555.8, 0.00
556.6, 0.001
557.3, 0.002
558.0, 0.003
558.7, 0.003
559.4, 0.004
560.1, 0.006
560.9, 0.007
561.6, 0.008
562.3, 0.010
563.0, 0.011
563.7, 0.012
564.4, 0.013
565.2, 0.013
565.9, 0.015
566.6, 0.016
567.3, 0.018
568.0, 0.020
568.7, 0.022
569.5, 0.024
570.2, 0.025
570.9, 0.027
571.6, 0.029
572.3, 0.030
573.0, 0.032
573.8, 0.033
574.5, 0.035
575.2, 0.037
575.9, 0.039
576.6, 0.041
577.3, 0.043
578.1, 0.044
578.8, 0.046
579.5, 0.048
580.2, 0.050
580.9, 0.053
581.6, 0.055
582.4, 0.057
583.1, 0.060
583.8, 0.062
584.5, 0.065
585.2, 0.068
585.9, 0.071
586.7, 0.074
587.4, 0.077
588.1, 0.079
588.8, 0.081
589.5, 0.084
590.2, 0.087
591.0, 0.090
591.7, 0.093
592.4, 0.095
593.1, 0.098
593.8, 0.101
594.5, 0.104
595.2, 0.107
596.0, 0.110
596.7, 0.114
597.4, 0.118
598.1, 0.122
598.8, 0.125
599.5, 0.129
600.2, 0.132
601.0, 0.136
601.7, 0.139
602.4, 0.143
603.1, 0.148
603.8, 0.152
604.5, 0.156
605.2, 0.160
606.0, 0.164
606.7, 0.169
607.4, 0.172
608.1, 0.177
608.8, 0.180
609.5, 0.185
610.2, 0.190
611.0, 0.195
611.7, 0.199
612.4, 0.203
613.1, 0.207
613.8, 0.212
614.5, 0.217
615.2, 0.222
616.0, 0.227
616.7, 0.233
617.4, 0.238
618.1, 0.243
618.8, 0.249
619.5, 0.254
620.2, 0.261
621.0, 0.267
621.7, 0.274
622.4, 0.280
623.1, 0.286
623.8, 0.291
624.5, 0.297
625.2, 0.304
626.0, 0.310
626.7, 0.317
627.4, 0.323
628.1, 0.330
628.8, 0.336
629.5, 0.343
630.2, 0.349
631.0, 0.356
631.7, 0.363
632.4, 0.371
633.1, 0.379
633.8, 0.388
634.5, 0.395
635.2, 0.403
636.0, 0.410
636.7, 0.418
637.4, 0.427
638.1, 0.436
638.8, 0.445
639.5, 0.453
640.2, 0.461
641.0, 0.469
641.7, 0.478
642.4, 0.487
643.1, 0.497
643.8, 0.504
644.5, 0.514
645.2, 0.522
646.0, 0.531
646.7, 0.540
647.4, 0.549
648.1, 0.559
648.8, 0.569
649.5, 0.579
650.2, 0.589
651.0, 0.598
651.7, 0.609
652.4, 0.619
653.1, 0.630
653.8, 0.641
654.5, 0.652
655.2, 0.663
656.0, 0.674
656.7, 0.685
657.4, 0.696
658.1, 0.708
658.8, 0.719
659.5, 0.730
660.2, 0.740
661.0, 0.752
661.7, 0.763
662.4, 0.774
663.1, 0.786
663.8, 0.797
664.5, 0.811
665.2, 0.822
666.0, 0.835
666.7, 0.849
667.4, 0.862
668.1, 0.874
668.8, 0.886
669.5, 0.899
670.2, 0.913
670.9, 0.926
671.6, 0.940
672.4, 0.954
673.1, 0.967
673.8, 0.980
674.5, 0.993
675.2, 1.006
675.9, 1.020
676.6, 1.034
677.3, 1.047
678.0, 1.058
678.7, 1.070
679.4, 1.082
680.2, 1.096
680.9, 1.110
681.6, 1.125
682.3, 1.138
683.0, 1.150
683.7, 1.163
684.4, 1.176
685.1, 1.193
685.8, 1.207
686.5, 1.222
687.2, 1.238
688.0, 1.253
688.7, 1.268
689.4, 1.281
690.1, 1.295
690.8, 1.309
691.5, 1.324
692.2, 1.338
692.9, 1.352
693.6, 1.366
694.3, 1.380
695.0, 1.393
695.8, 1.406
696.5, 1.419
697.2, 1.433
697.9, 1.447
698.6, 1.461
699.3, 1.476
700.0, 1.488
700.7, 1.502
701.4, 1.514
702.1, 1.530
702.8, 1.542
703.6, 1.561
704.3, 1.577
705.0, 1.601
705.7, 1.614
706.4, 1.630
707.1, 1.641
707.8, 1.659
708.6, 1.671
709.3, 1.687
710.0, 1.701
710.8, 1.722
711.5, 1.738
712.2, 1.754
713.0, 1.769
713.7, 1.787
714.4, 1.802
715.2, 1.818
715.9, 1.833
716.6, 1.843
717.4, 1.856
718.1, 1.860
718.8, 1.874
719.6, 1.887
720.3, 1.906
721.0, 1.917
721.8, 1.933
722.5, 1.941
723.2, 1.958
724.0, 1.976
724.7, 1.984
725.4, 1.992
726.2, 1.997
726.9, 2.010
727.6, 2.023
728.4, 2.033
729.1, 2.048
729.8, 2.040
730.6, 2.042
731.3, 2.047
732.0, 2.067
732.8, 2.070
733.5, 2.076
734.2, 2.090
735.0, 2.105
735.7, 2.115
736.4, 2.124
737.2, 2.127
737.9, 2.135
738.6, 2.143
739.4, 2.143
740.1, 2.144
740.8, 2.141
741.6, 2.167
742.3, 2.184
743.0, 2.185
743.8, 2.182
744.5, 2.178
745.2, 2.188
746.0, 2.193
746.7, 2.192
747.4, 2.193
748.2, 2.180
748.9, 2.195
749.6, 2.213
750.4, 2.232
751.1, 2.230
751.8, 2.228
752.6, 2.252
753.3, 2.254
754.0, 2.251
754.8, 2.217
755.5, 2.239
756.2, 2.242
757.0, 2.255
757.7, 2.249
758.4, 2.256
759.2, 2.254
759.9, 2.266
760.6, 2.282
761.4, 2.307
762.1, 2.291
762.8, 2.269
763.6, 2.250
764.3, 2.264
765.0, 2.271
765.8, 2.301
766.5, 2.294
767.2, 2.306
768.0, 2.264
768.7, 2.256
769.4, 2.233
770.2, 2.251
770.9, 2.241
771.6, 2.288
772.4, 2.322
773.1, 2.325
773.8, 2.284
774.6, 2.281
775.3, 2.284
776.0, 2.289
776.8, 2.283
777.5, 2.291
778.2, 2.318
779.0, 2.302
779.7, 2.328
780.4, 2.313
781.1, 2.316
781.9, 2.300
782.6, 2.329
783.3, 2.318
784.1, 2.350
784.8, 2.306
785.5, 2.304
786.3, 2.288
787.0, 2.286
787.7, 2.321
788.5, 2.335
789.2, 2.356
789.9, 2.309
790.7, 2.299
791.4, 2.325
792.1, 2.415
792.9, 2.382
793.6, 2.347
794.3, 2.338
795.1, 2.380
795.8, 2.492
796.5, 2.477
797.3, 2.413
798.0, 2.344
798.7, 2.363
799.5, 2.374
800.2, 2.386
