2.5
380.3, 0.999
381.1, 1.022
381.8, 1.019
382.6, 1.020
383.3, 1.017
384.0, 1.046
384.8, 1.063
385.5, 1.090
386.3, 1.091
387.0, 1.113
387.8, 1.130
388.5, 1.174
389.3, 1.197
390.0, 1.209
390.7, 1.222
391.5, 1.247
392.2, 1.277
393.0, 1.299
393.7, 1.316
394.5, 1.319
395.2, 1.322
396.0, 1.325
396.7, 1.338
397.4, 1.345
398.2, 1.351
398.9, 1.356
399.7, 1.362
400.4, 1.364
401.2, 1.364
401.9, 1.368
402.7, 1.371
403.4, 1.375
404.1, 1.375
404.9, 1.377
405.6, 1.375
406.4, 1.375
407.1, 1.369
407.9, 1.372
408.6, 1.370
409.4, 1.376
410.1, 1.376
410.8, 1.377
411.6, 1.376
412.3, 1.377
413.1, 1.379
413.8, 1.380
414.6, 1.380
415.3, 1.379
416.1, 1.383
416.8, 1.388
417.5, 1.391
418.3, 1.391
419.0, 1.385
419.8, 1.384
420.5, 1.379
421.3, 1.379
422.0, 1.381
422.8, 1.383
423.5, 1.381
424.2, 1.378
425.0, 1.376
425.7, 1.377
426.5, 1.375
427.2, 1.375
428.0, 1.374
428.7, 1.375
429.5, 1.376
430.2, 1.372
430.9, 1.367
431.7, 1.363
432.4, 1.366
433.2, 1.366
433.9, 1.368
434.7, 1.366
435.4, 1.364
436.2, 1.366
436.9, 1.361
437.7, 1.361
438.4, 1.356
439.1, 1.355
439.9, 1.355
440.6, 1.352
441.4, 1.351
442.1, 1.348
442.9, 1.347
443.6, 1.344
444.4, 1.344
445.1, 1.347
445.8, 1.344
446.6, 1.342
447.3, 1.337
448.1, 1.338
448.8, 1.337
449.6, 1.336
450.3, 1.334
451.1, 1.336
451.8, 1.337
452.5, 1.337
453.3, 1.334
454.0, 1.332
454.8, 1.329
455.5, 1.326
456.3, 1.325
457.0, 1.327
457.8, 1.325
458.5, 1.324
459.2, 1.320
460.0, 1.315
460.7, 1.310
461.5, 1.307
462.2, 1.308
463.0, 1.304
463.7, 1.300
464.5, 1.296
465.2, 1.290
465.9, 1.286
466.7, 1.282
467.4, 1.281
468.2, 1.279
468.9, 1.276
469.7, 1.273
470.4, 1.268
471.2, 1.261
471.9, 1.255
472.6, 1.249
473.4, 1.251
474.1, 1.250
474.9, 1.249
475.6, 1.244
476.4, 1.239
477.1, 1.237
477.9, 1.235
478.6, 1.234
479.3, 1.228
480.1, 1.218
480.8, 1.211
481.6, 1.207
482.3, 1.203
483.1, 1.202
483.8, 1.197
484.6, 1.191
485.3, 1.186
486.0, 1.182
486.8, 1.178
487.5, 1.171
488.3, 1.164
489.0, 1.166
489.8, 1.161
490.5, 1.160
491.3, 1.153
492.0, 1.149
492.8, 1.144
493.5, 1.141
494.2, 1.139
495.0, 1.137
495.7, 1.139
496.5, 1.135
497.2, 1.134
498.0, 1.128
498.7, 1.127
499.5, 1.125
500.2, 1.123
500.9, 1.122
501.7, 1.121
502.4, 1.120
503.2, 1.118
503.9, 1.113
504.7, 1.112
505.4, 1.109
506.2, 1.109
506.9, 1.107
507.6, 1.105
508.4, 1.102
509.1, 1.101
509.9, 1.098
510.6, 1.096
511.4, 1.094
512.1, 1.095
512.8, 1.093
513.5, 1.090
514.3, 1.086
515.0, 1.082
515.7, 1.078
516.4, 1.075
517.1, 1.072
517.8, 1.070
518.6, 1.068
519.3, 1.066
520.0, 1.066
520.7, 1.064
521.4, 1.061
522.1, 1.060
522.9, 1.059
523.6, 1.056
524.3, 1.054
525.0, 1.053
525.7, 1.053
526.4, 1.051
527.2, 1.049
527.9, 1.048
528.6, 1.046
529.3, 1.046
530.0, 1.044
530.7, 1.043
531.5, 1.039
532.2, 1.037
532.9, 1.036
533.6, 1.034
534.3, 1.029
535.0, 1.026
535.8, 1.023
536.5, 1.021
537.2, 1.018
537.9, 1.015
538.6, 1.014
539.3, 1.013
540.1, 1.010
540.8, 1.007
541.5, 0.999
542.2, 0.994
542.9, 0.987
543.6, 0.983
544.4, 0.980
545.1, 0.980
545.8, 0.982
546.5, 0.983
547.2, 0.983
547.9, 0.985
548.7, 0.990
549.4, 0.999
550.1, 1.007
550.8, 1.013
551.5, 1.016
552.2, 1.016
553.0, 1.019
553.7, 1.020
554.4, 1.023
555.1, 1.024
555.8, 1.024
556.6, 1.024
557.3, 1.025
558.0, 1.026
558.7, 1.025
559.4, 1.025
560.1, 1.025
560.9, 1.026
561.6, 1.026
562.3, 1.025
563.0, 1.025
563.7, 1.026
564.4, 1.027
565.2, 1.027
565.9, 1.029
566.6, 1.028
567.3, 1.031
568.0, 1.028
568.7, 1.026
569.5, 1.024
570.2, 1.025
570.9, 1.025
571.6, 1.026
572.3, 1.025
573.0, 1.028
573.8, 1.027
574.5, 1.027
575.2, 1.025
575.9, 1.024
576.6, 1.023
577.3, 1.023
578.1, 1.025
578.8, 1.026
579.5, 1.027
580.2, 1.027
580.9, 1.026
581.6, 1.028
582.4, 1.029
583.1, 1.030
583.8, 1.029
584.5, 1.027
585.2, 1.027
585.9, 1.027
586.7, 1.027
587.4, 1.028
588.1, 1.029
588.8, 1.031
589.5, 1.033
590.2, 1.035
591.0, 1.036
591.7, 1.039
592.4, 1.040
593.1, 1.042
593.8, 1.041
594.5, 1.042
595.2, 1.045
596.0, 1.048
596.7, 1.050
597.4, 1.052
598.1, 1.053
598.8, 1.053
599.5, 1.053
600.2, 1.055
601.0, 1.058
601.7, 1.060
602.4, 1.063
603.1, 1.063
603.8, 1.062
604.5, 1.064
605.2, 1.068
606.0, 1.070
606.7, 1.070
607.4, 1.069
608.1, 1.069
608.8, 1.064
609.5, 1.058
610.2, 1.056
611.0, 1.057
611.7, 1.061
612.4, 1.064
613.1, 1.070
613.8, 1.075
614.5, 1.081
615.2, 1.086
616.0, 1.092
616.7, 1.095
617.4, 1.098
618.1, 1.102
618.8, 1.104
619.5, 1.107
620.2, 1.108
621.0, 1.111
621.7, 1.114
622.4, 1.117
623.1, 1.120
623.8, 1.124
624.5, 1.128
625.2, 1.131
626.0, 1.133
626.7, 1.135
627.4, 1.139
628.1, 1.143
628.8, 1.147
629.5, 1.152
630.2, 1.156
631.0, 1.159
631.7, 1.162
632.4, 1.165
633.1, 1.168
633.8, 1.171
634.5, 1.175
635.2, 1.180
636.0, 1.184
636.7, 1.186
637.4, 1.189
638.1, 1.194
638.8, 1.195
639.5, 1.198
640.2, 1.201
641.0, 1.208
641.7, 1.213
642.4, 1.217
643.1, 1.220
643.8, 1.224
644.5, 1.229
645.2, 1.231
646.0, 1.235
646.7, 1.240
647.4, 1.245
648.1, 1.252
648.8, 1.257
649.5, 1.260
650.2, 1.260
651.0, 1.262
651.7, 1.269
652.4, 1.276
653.1, 1.281
653.8, 1.282
654.5, 1.286
655.2, 1.292
656.0, 1.298
656.7, 1.304
657.4, 1.305
658.1, 1.312
658.8, 1.315
659.5, 1.319
660.2, 1.325
661.0, 1.331
661.7, 1.338
662.4, 1.343
663.1, 1.350
663.8, 1.355
664.5, 1.359
665.2, 1.364
666.0, 1.366
666.7, 1.374
667.4, 1.377
668.1, 1.384
668.8, 1.388
669.5, 1.392
670.2, 1.396
670.9, 1.401
671.6, 1.405
672.4, 1.410
673.1, 1.414
673.8, 1.421
674.5, 1.425
675.2, 1.431
675.9, 1.432
676.6, 1.439
677.3, 1.445
678.0, 1.453
678.7, 1.457
679.4, 1.463
680.2, 1.472
680.9, 1.477
681.6, 1.482
682.3, 1.488
683.0, 1.496
683.7, 1.505
684.4, 1.511
685.1, 1.516
685.8, 1.519
686.5, 1.526
687.2, 1.535
688.0, 1.546
688.7, 1.553
689.4, 1.558
690.1, 1.563
690.8, 1.570
691.5, 1.580
692.2, 1.583
692.9, 1.586
693.6, 1.594
694.3, 1.607
695.0, 1.616
695.8, 1.623
696.5, 1.623
697.2, 1.634
697.9, 1.642
698.6, 1.653
699.3, 1.659
700.0, 1.663
700.7, 1.670
701.4, 1.677
702.1, 1.688
702.8, 1.700
703.6, 1.712
704.3, 1.714
705.0, 1.713
705.7, 1.713
706.4, 1.725
707.1, 1.737
707.8, 1.747
708.6, 1.755
709.3, 1.761
710.0, 1.774
710.8, 1.782
711.5, 1.789
712.2, 1.790
713.0, 1.798
713.7, 1.811
714.4, 1.826
715.2, 1.837
715.9, 1.841
716.6, 1.848
717.4, 1.848
718.1, 1.850
718.8, 1.862
719.6, 1.866
720.3, 1.875
721.0, 1.872
721.8, 1.878
722.5, 1.886
723.2, 1.892
724.0, 1.897
724.7, 1.898
725.4, 1.897
726.2, 1.904
726.9, 1.901
727.6, 1.909
728.4, 1.912
729.1, 1.926
729.8, 1.935
730.6, 1.944
731.3, 1.948
732.0, 1.951
732.8, 1.957
733.5, 1.962
734.2, 1.966
735.0, 1.967
735.7, 1.977
736.4, 1.983
737.2, 1.996
737.9, 2.001
738.6, 2.018
739.4, 2.025
740.1, 2.018
740.8, 2.016
741.6, 2.006
742.3, 2.008
743.0, 2.013
743.8, 2.018
744.5, 2.030
745.2, 2.026
746.0, 2.033
746.7, 2.035
747.4, 2.053
748.2, 2.058
748.9, 2.069
749.6, 2.071
750.4, 2.072
751.1, 2.069
751.8, 2.067
752.6, 2.068
753.3, 2.066
754.0, 2.059
754.8, 2.058
755.5, 2.076
756.2, 2.088
757.0, 2.095
757.7, 2.080
758.4, 2.090
759.2, 2.095
759.9, 2.112
760.6, 2.112
761.4, 2.113
762.1, 2.102
762.8, 2.106
763.6, 2.101
764.3, 2.100
765.0, 2.100
765.8, 2.106
766.5, 2.108
767.2, 2.083
768.0, 2.088
768.7, 2.093
769.4, 2.099
770.2, 2.094
770.9, 2.090
771.6, 2.106
772.4, 2.126
773.1, 2.136
773.8, 2.131
774.6, 2.121
775.3, 2.126
776.0, 2.134
776.8, 2.134
777.5, 2.135
778.2, 2.141
779.0, 2.138
779.7, 2.140
780.4, 2.119